0.000490508850818  
0.00173457729496  
0.0011941926345  
0.000970061736272  
0.00123900004137  
0.00124377695832  
0.00154477822568  
0.000727600101478  
0.000132029472145  
0.000555246933254  
0.00113558234482  
0.00104761266374  
0.00183546296234  
0.000642939202702  
0.000277966731359  
0.000668479697049  
0.000889739249185  
5.3571545307e-05  
0.000666408883106  
0.000565430000468  
0.000984269629795  
4.52242210675e-05  
0.000730913478321  
0.000433559895418  
0.000289710442071  
0.000820904908881  
0.00104729332747  
0.000578808924035  
0.00126972040547  
0.00121951965501  
6.18311581727e-05  
0.00107195265921  
0.00021064878233  
0.001533022721  
0.00142868509463  
0.000127564808731  
0.000525772225565  
0.00138364469789  
0.000461522911868  
0.00102125433517  
0.00013540471338  
0.00136976745571  
0.00116934399097  
0.00158038796168  
0.000575261231484  
0.000455511693925  
0.000195216203081  
0.000777469759507  
0.00092622418682  
0.000562114422055  
0.000318375680361  
0.00070070655501  
0.000623653266401  
0.000574468401503  
0.00119219947596  
